6
0 29 20 21 16 31
29 0 15 17 28 40
20 15 0 28 33 34
21 17 28 0 32 35
16 28 33 32 0 37
31 40 34 35 37 0
