8
0 34 42 43 39 23 45 42
34 0 28 28 18 29 26 32
42 28 0 24 31 32 27 35
43 28 24 0 32 34 25 30
39 18 31 32 0 29 33 30
23 29 32 34 29 0 29 35
45 26 27 25 33 29 0 23
42 32 35 30 30 35 23 0
